0,1
-1.6217528439000177,-8.930659842629556
-7.673578016909705,0.7578304890367797
-9.867029355795102,-7.454105610915818
3.894580074557814,4.6601692125495715
3.894743092442343,3.960953907018379
3.529795357604198,4.55940445590993
-7.9542187634269075,-4.835425939749264
-10.018038837500505,-7.898283600687538
-7.750214716728328,-5.1658904134527575
-8.279480059740356,0.6796983992026201
-9.819313709838875,-7.831714218711388
-7.870153771091007,-5.210737433041055
-4.423786019415521,5.288720955163918
-5.992670498765571,4.923364991472149
-1.2476863045778734,-8.99373141565441
-10.005093581337176,-7.540100584210209
-5.947820658483214,3.6541730313589356
-3.621104758982443,5.429366073580889
3.7247686233783286,4.872424865584524
8.95419390822815,-9.878895246128092
-1.4258980832371086,-9.241421866417959
-6.486895247114585,4.315366234874769
-2.023439328286166,-9.128705908371549
-7.561580294142781,0.16048957120440557
-8.027743990616331,-4.846390610350178
-9.9798048072392,-7.570044219012956
-7.481995248156503,0.5408858822579519
-5.805644375076107,3.9904379828722014
-6.028216012814641,5.09559783722657
-6.306629094411922,3.8133273173997235
-10.32148815888364,-7.947055055986284
-2.1116832776138463,-9.281843487895404
3.5911088813185956,4.558477362050176
-4.645507092852633,5.030944347444372
-1.8402014125652335,-9.333237203282001
-8.038884918111377,-5.188792181360232
-1.5235897059009786,-8.852940638059303
-7.75864661281771,-4.891837950835317
-5.839394019566316,3.564271524522424
9.0289975443304,-9.859059440864517
-1.8814517454181596,-8.843010606188104
-7.988621962575268,-4.730944260807704
8.940623216914855,-9.509968967983584
3.4166137378362365,4.1018797954464326
-4.435502047454929,5.314258904864469
-8.386698525077579,-5.081265802180778
9.229774042057986,-9.44986511103402
3.1015342967339166,4.77967302523097
3.4339525266751623,4.30792411855168
-5.58029574039149,4.050251421675022
2.8177945287734043,4.356187362287207
-8.174502501327156,-5.3150393739142725
-2.030816952712632,-8.707281919688176
9.3880288188758,-10.490577843961795
4.017823034505139,7.056548683403513
-6.0012573427290326,4.054097756124903
3.6887140628156194,4.52000360382524
-8.1632784699612,-5.325831610078643
-1.7268821230921558,-8.555666828011672
-7.773738830394297,-5.146012963931643
3.9224578579042184,6.996252514635052
3.0330311030837662,4.527350724442861
3.516944907524215,5.114435819097963
-6.312927912139716,3.9525317999237393
8.90964448974754,-9.858488608531662
-1.5034679717560115,-9.871850408443636
-1.9496701384393775,-9.11211421968099
-2.1274474419346125,-9.272335757045719
-7.948028992703778,-4.788912410851132
-7.748449616924533,-0.05935154124923675
3.3027859020965353,4.83972797796187
9.570017839080265,-10.045127382913453
-6.229092307693197,4.6803641654961785
-5.749649201110166,3.332970444522745
-6.041174673921689,5.015706481537871
8.784527099528056,-9.69472013156188
-7.964146732710025,0.17905856574104842
-9.812570668144593,-7.9521853864695835
-6.006854664507672,4.219826695421469
9.36710454412795,-9.53625023212841
-6.284771765630248,4.937991743859552
-7.564361384572527,0.19012683155151217
-1.890548451213019,-9.063027253833056
8.825213432968592,-9.926473778874685
-4.2691556245030755,6.162509850061266
-9.2726972210082,-7.406267291681624
-5.7738071723109545,3.9842668653137556
-7.830847985759409,-4.938382291467923
-9.256531957812477,-7.965443564790195
9.081973152845702,-9.682982312010331
4.367938054645594,6.874453495928658
3.6851264730719184,4.202996647002565
-7.761493943969049,-5.121176430581398
4.000919710233582,6.634805361084775
-9.659747814204662,-8.119230444650336
2.845537918345964,4.843367499271218
-6.001366176635239,4.820198211269555
8.382600137446966,-9.792562244649194
-1.668107659492068,-9.31984077299058
-6.316619097153395,3.8791814685512183
-10.248726460843276,-8.171969273381249
-10.107728551653302,-7.292187113717258
-6.906117872366018,4.165026722996888
3.4932193261506685,4.300401424665959
-7.720789892522669,0.21799681206575922
9.328323714696543,-9.411043312634153
-10.05865134344524,-8.258787044945223
-7.863175583238636,-4.8702855547556645
-8.217640350951795,-5.337265666518906
-9.781086642919037,-7.301112060619062
-6.055235967034496,4.722022136396195
9.185072051024257,-9.97073276240574
-1.472732639499098,-9.03656057851295
4.2452753168971205,6.6664169690605215
-8.288088131565283,0.07242759804700953
-6.346090946213837,4.064512265196868
4.032528838968222,7.278409432852816
-1.8043891919358779,-9.125737320077684
8.979531362966474,-9.89848999460828
-6.391834974116971,4.624204571623118
-10.373770043627136,-7.458976555673816
3.430644328032202,4.391366301930878
8.783530500126021,-9.90017753700114
-5.854374408731382,5.194075000683489
9.108146901708041,-9.729556498874194
3.5550109148412092,4.732676681878573
-8.285233996726477,-5.120080379240442
-8.099225550582474,-0.1399678924905738
3.52465540305165,6.34463276526658
-8.284412243132358,0.2833833605779476
-5.784142935301689,4.717516425618303
4.097708572326408,6.789929005919921
-10.21126126487277,-7.544637620076428
-3.7834867518098587,5.37035804679046
-9.661171570325148,-7.991254107242225
8.873209816076152,-9.860610924291965
9.289795682990999,-9.159251117251376
-7.818396761816322,-4.6195085884502065
-7.883244274909681,-4.705572612243291
4.335087046246035,6.915981756647767
-7.795470330885747,-5.014860073849059
3.618512152602726,4.778363797863025
8.9255593484206,-9.178575983762501
-1.1764694719403437,-8.78778990478555
9.320714456879326,-9.623231184651813
-8.155594010084158,-4.951888123218383
-7.7963198191018455,0.038688071186922676
9.246521867964402,-9.757364469074803
3.987766325525051,7.077381294551619
-1.9327938935975844,-9.177595565525902
-0.9072829640106207,-9.34779547322676
-10.001058191843626,-7.653234696094687
-6.708787505771059,4.594759616351089
-8.068329840695048,-0.3959784476915962
-8.255742630904603,-5.234569274384072
-7.6215511484230145,-0.6706828369600605
-3.6383150810893614,5.438433434668588
-9.671047538283503,-8.038360943657569
-7.854248751752151,0.1220611281804109
-6.153881149931262,3.7887259714695376
-10.584403749084586,-7.774176585960446
-5.907952305706528,3.9648437732627535
-5.553915629522634,4.161418544146049
4.192810086704306,6.8290456500730174
-8.283535273774469,0.12622768702523848
-7.618622066842682,0.1760686083449655
-1.4758582062006282,-8.970301745910223
-5.760087261406851,4.974047045256791
-7.878006014175326,-5.084051928161542
3.7096794112393514,4.42197936089386
-10.081188635349246,-7.31756785236148
-9.990707885258672,-7.620412637741929
-4.39419954203148,5.369793440411441
-2.0417742880602794,-9.346721874247619
3.946260168095173,6.6837520774517225
4.064430947373287,6.945303494978943
-1.6476695811034159,-8.693367468822853
-1.3757452079622077,-9.312756110876705
-4.070959085748118,5.363167528073145
-9.737859532705443,-8.049060763714003
-6.176147999837622,3.9785456001980037
-7.311983724133766,-4.770914673810178
-10.281953826198622,-7.888076956519119
-8.33636878073345,-5.301588886750396
-1.6753985770512294,-8.680483522908565
-6.797069781686508,4.283822643036678
-1.5108753539096347,-8.629440956420403
-10.100480593741567,-7.396421233805922
4.4617263158161595,6.4574721473437
-5.627360034411264,4.6861390509143215
-1.9067923654521044,-9.078990315518494
-6.6137305889059235,4.212414551394016
-6.133415388976342,4.832101503862116
3.5065349499102223,4.41171784227977
4.088667451218014,6.700998219362003
-5.786754566064605,4.910269420163129
-6.738260976048366,3.907289642615368
-5.977732212285507,4.774768624951611
3.8191612447703687,4.9574410813678735
-10.084083484348438,-7.81487572364321
-5.85520560762572,4.988832741741885
9.301018286032763,-10.06541375291829
-4.1440460881753625,5.2648862501734355
-10.121991947743464,-7.399983163744527
-9.898110544366082,-7.613518107223575
-8.629969458996944,0.3965815015912388
-2.083689196251043,-9.048367642136277
-6.0990451351183905,5.523359717274047
3.6733543969901428,7.057045266022463
9.309744111518858,-9.586944809118341
-7.998155791798259,-0.10498327178655004
-4.339986762378751,5.613948941910167
-5.80679635987074,4.650662309224122
-7.606758121998052,-5.185162531697293
-9.37289838401582,-6.952190074202766
-1.1457891506250255,-9.06005343809199
-6.688835939619974,3.9899223578652756
-4.458002310706058,5.677527688709503
-5.879995319492352,4.647475392076919
-5.686354247284531,5.058105855929735
-5.86044706232913,3.993108468805818
3.8253520548346187,6.637207405572247
-7.675557443432196,0.3874787525230122
-5.9120093117403965,3.9823466143992334
-1.7803842170760587,-8.815217274681439
-8.132590287627009,-5.167216977733493
-8.02620839359465,0.5224379009480249
-9.607048487912204,-7.594480209907178
-6.108450636788778,5.318435515472982
-4.251533617596073,5.389376344556909
-2.0264680993264585,-8.378372394383145
-6.786657101550575,4.004400170113364
-1.5594923360863573,-8.563675131061009
-6.088496753654493,4.053796030916586
4.091908396179731,7.139603316900774
-3.673409660712374,5.137295673350027
9.215426506640695,-10.499237779794974
3.5728665919632587,4.3142689894395225
9.273292690227496,-9.554462469186555
-1.6708545884910633,-8.626212569628718
9.137159701043585,-10.105091877791601
3.4720927911068666,4.735298274317891
-5.544272893008907,4.885845699556041
4.356065281284407,6.951846395838918
-2.067650884510071,-9.036267458245005
-7.342611999991763,-4.949810781348817
-7.651673326705495,-5.297288335191976
3.931989594547587,5.324636962621103
-1.5338620636497398,-9.073965777306032
8.859683114995969,-9.212036997138137
-1.8912449376247789,-8.697581558331297
-5.758332954148352,5.11413240810925
-4.651851499384625,5.386327655919969
-6.260086341766501,4.752424240722523
9.145187608652408,-10.085380214143692
-2.1177902332061156,-9.244553803120642
-10.370109188359844,-8.266243728502898
-1.8748396028622787,-9.502897194114341
8.951081157567701,-9.085074589902419
-5.718946317552314,3.8613798381525646
-6.0704479893348875,3.6011664668064207
-7.766482388677052,0.3177702510048763
-3.9418201548355674,5.318506666319429
3.70975731721189,4.451767228049255
4.006065678344759,6.429339478656088
-4.324238526207761,5.68324676167246
-5.910784515668507,5.149980106506532
-10.78924403247885,-7.424278212998236
3.907582291293786,4.137758699339762
-6.655746261390265,4.914258118274461
4.054346799049232,4.398467500704044
-4.296165846144901,5.8201487726542815
3.44376769177134,4.543857432056053
3.1478890425902546,4.909712707021699
-4.230828991065193,5.512510481399438
-6.881695998592595,4.202314922350031
-10.038186640493588,-7.95002785361567
-10.193583757826447,-8.133563585486598
-1.4135710455409711,-8.923513767693885
-8.054619568118682,0.5892587548642775
-9.945626071891098,-7.660790522218541
-4.144249838771892,5.496164242315995
-7.874312243679814,0.21723129069156077
9.212968330613277,-9.502780792827028
-5.875208893649274,4.4639321580850755
9.091044538492165,-9.626708130862305
-2.1716664357523845,-9.255131492800723
3.48606739054371,4.606666117407946
-4.1528995827279696,5.33621164938663
3.6769738311943625,3.9408980792889405
-5.8367694032843955,5.266621912886043
-1.6162821217281218,-8.628464550457549
3.6469113462778866,4.874197002641269
-8.578154433268843,-0.4896070032424684
-1.5264469433054717,-9.453835635977281
-6.226558778567208,4.190146496349115
-10.201000141919923,-7.981248212809881
-6.562503419120005,4.096155601036459
-7.437840638215738,-5.480150151683419
-7.406769414112154,-4.8004005559216125
-7.422252011016095,-4.680440903644345
-4.48344331152167,5.393490066110021
-7.8384748290935935,-5.194592043314617
9.064387364925183,-9.591985883224913
3.917001702523029,7.084709365792642
-6.010645571229956,4.735669773319388
9.163250778293104,-9.57037418894744
-7.771770099934492,-5.037476928283274
3.7985576873080173,7.089874243317757
8.69721272091509,-9.368238837415435
-1.517435846982757,-9.200040769491183
4.084162707856239,6.908656023487794
3.46965583768912,4.631526010456
-7.590099133097839,0.3798611252928442
-5.866297532910039,4.009431071055428
-2.010306035332982,-9.033178610077961
-4.290848304147952,5.466769431814831
-7.8614012153640775,0.3878716935779908
-4.207714863599053,5.32307289017293
3.3094051967688043,4.544276471787123
-7.781098723293334,0.15332893533066472
-9.974252844681338,-8.234226111202934
-5.632615950022812,4.89033197631144
9.32618054834706,-9.886082737993508
-4.017241215562763,5.122113202552914
9.515591006499715,-9.546701838950085
-8.074847172656433,0.11626100291309219
3.9512448189653666,6.906719257343453
-5.819437000350314,5.023612842546676
-6.020732656693419,3.8486400301890566
-9.588835520801226,-7.781136665140952
-6.482546619228917,4.42937529929093
-5.811612200646793,4.868934553916914
-7.60227392686945,-4.664526019314445
3.917795852011333,7.179342727687856
9.427758062752448,-9.406905421264797
-3.999829663843882,5.4629026924156525
3.827065377572833,7.405508185867566
4.471895517176434,6.725018449722449
-1.5957555801799503,-8.791486791536292
-4.024668287532214,5.547227663784304
-10.444398402208128,-7.917129448788054
3.8287052126746515,4.3741951538594295
9.300258338606733,-9.83724600467858
-6.0906525016707205,5.27143047929243
3.4710144085585752,4.359101765592652
-4.122839914355987,5.145714502028046
-5.900500807910004,4.147325169115727
-8.109903683115185,0.7348152579229444
-6.3800968276594165,4.3253689538093
4.2813520866375345,6.833047901696561
-7.727251897075493,0.31274465163840637
8.805618430896779,-9.856756539670302
-7.990570506904686,-4.796679825732752
3.2238481270794073,4.764739420257959
-4.555448234788896,5.6909700904331
-7.802773101181508,-5.2610686334931165
-8.155908461777067,0.04355007238042036
-6.6242209524949,3.86337550137626
-3.9766191138398685,5.6721614692273885
-7.742671748965291,-5.090810360289485
8.685719429230529,-9.710224834403391
9.246323884051424,-9.472844606262113
-6.487386823734069,3.6226168370661336
8.988764893388744,-9.586026803265867
-4.282260331952987,5.416492743655941
-5.98027410859208,4.871570472714792
-3.9891526902805228,5.968747937231471
-6.559834515412718,4.122312009069126
-8.110128110157104,-4.255847391807808
4.102989954444976,7.147334427889763
-7.817752007494372,-0.12183854831209767
-7.952228191998091,0.5474429756259451
-5.963060015949677,4.095800940044379
3.7741974380009804,6.746691608463907
-7.668808785916605,-5.171116184358784
3.4092422973344485,4.51874896590035
9.843162185746689,-9.800124658543542
-2.1505773512109516,-8.756388143241546
3.4472941322238726,4.967066766792239
-5.936603850183138,5.20606546004314
-5.594763072432498,5.19583741049213
4.351891779806031,7.383897652581216
-5.871074538911755,4.5983935213806095
3.5668488765901056,4.990066436373182
-5.465628242223248,4.64064722588871
-6.660611053865438,3.9773276667352735
-7.487264835800528,-4.7369582691232415
-5.654678453063171,4.591984578635673
-8.151174930840154,-5.534670582484301
3.945614195934609,4.594462658424603
3.9707418035469533,6.602593779291249
-8.225970415934933,0.0384001352310675
3.6821045413539384,6.711001633307761
4.0110133550131195,7.023080847688213
-10.180075972718509,-8.126601771199006
-6.013020947372119,4.657578467443959
8.888277193219068,-9.551512423859304
4.252313579222686,6.446546992766477
3.4066562058383747,4.358199481317419
-7.766140353789344,0.5356778877609136
-9.912185735241739,-8.50942899313081
-6.428588712173999,4.322924585032624
-6.594760310587942,4.034085772107953
4.05896583262687,7.226136005946516
4.244513135562601,6.772135909463714
3.779104450985109,7.135469102813771
3.9902821778492017,4.389655386235932
-3.923377823901816,5.471981447564084
3.6080520988360694,4.52344363248042
3.9920362625410886,4.576033583165689
-5.977141361217777,3.731835821001602
8.828922597957051,-9.31128071491907
-7.642662894111537,-5.335080095443528
-1.4239315490868574,-9.205895320678055
3.807793325591171,4.936174618740579
3.4929486473678715,5.03633631907475
3.6844981729369173,7.3546753248088335
3.2529712167650366,4.439224272017394
-1.4174178504689223,-8.77547766591112
-10.225689926374004,-7.936618364765653
-6.020895390276903,4.960651707650512
-10.225220791367029,-8.207138193215975
3.311311280002168,4.066678131499405
-8.096479769517595,-4.770715153441044
-8.104915161581271,0.2718059581507321
3.510269332246996,4.748239394213199
-5.517363867420437,5.0761966862100465
8.746524515036036,-9.658621671345589
-6.022862317571818,3.868579643543087
-3.977400773648577,5.9872202734058995
-3.873093720405129,6.126718087009801
-7.837739163465393,-5.6143356308493315
3.1356765202072636,4.153019880435818
-6.118369858901007,4.511229980809013
8.77443517125055,-9.487427253843672
4.350801666906564,4.713549232049402
-1.9722264320420895,-9.767429163778004
-4.038633643067013,5.463273754709379
9.468841094205589,-9.655897203195154
-7.893165681765808,0.37353336933836384
-7.948557446713912,-0.31805226277326876
-5.093215577074827,4.662309597798983
-10.215017306759034,-7.29491328106379
-6.058501030664687,3.777562229595353
9.283465135178131,-9.882260993690785
-1.8678105230550959,-9.155311620821237
-7.916027247837454,-0.3562122601223605
-8.086880858885083,-5.4122811901807975
-4.206579833014517,5.965406338979099
-5.7941980838046305,3.847449253958979
-4.427554507067829,5.543305569940455
-4.043214958623628,5.765043166260904
3.9919313961986234,4.71291212031415
-3.877948834489722,5.178383671114035
-1.9485716046142405,-9.148743502275764
8.743372952584268,-9.473078511365614
-8.013861254448035,0.5470019362743115
-1.8953199111937966,-9.21061551794678
4.320177176917387,7.018861030566262
-4.113299515635498,5.480705458402004
-6.367220186040047,4.921192167129065
-6.034107637323886,4.700972180196468
-8.055907874935263,-0.22449133748296018
-8.153037289318704,-0.22445812420573563
4.031609781779543,6.734086437073344
3.617516439908844,4.872865178780332
3.880622216352827,7.159846999127801
4.204757337722897,4.251480366194233
3.8476002222486643,4.7380498930110555
-1.8852003154417967,-8.876871565218417
-4.160285158542072,5.225404541308547
-4.672038688741933,5.618861814208341
-7.785980142120672,-5.073557492772535
3.411141304436851,5.559837469219663
-7.82505361461006,-4.972658139256532
-7.701765874289665,0.3593401990109828
9.344016269094215,-9.607232597691533
-6.1538404142997445,5.338988893973777
-6.0490919502705855,4.1097566248380994
-4.016121555213605,5.52798110063827
3.825687187135045,6.968765409861893
-4.369591408302734,5.17256568593258
-8.060313770631074,-0.21992371737898453
-4.296750246731842,5.741955196686742
-6.056985684389849,4.107372468613943
-6.766930026923989,4.622951160634018
-3.847402709765139,5.776853693483857
9.04640293362508,-9.81003768625908
-9.272533571830317,-7.80442817331133
3.5545921201674338,6.914403553405435
-4.204740071430561,5.21760565546407
3.3870923620754776,4.491152446378547
-5.8433994575109,4.355515076792788
-1.3426258150122434,-9.533134835579974
-9.702731518540224,-7.755489918179256
-2.1616953286447362,-8.982082322956597
-7.921025588999751,0.34729230268265676
8.89750156803284,-9.638787454705326
-9.033041892579165,0.5388900991044043
-1.392141716751427,-9.269651198379007
-9.835684287698134,-7.730185872323878
-4.426067210966035,5.283298245728188
-5.723745612101184,5.118017649160227
-7.538375324512074,-5.20493055492692
3.7247966628949936,6.870314515938492
9.341937869261395,-10.06643420835641
-6.083192913726699,4.26487453647817
-9.842558638286432,-7.675351287653463
3.2480825399434003,4.5593480183432575
4.2305379752883985,6.566762974587473
-3.737289322135277,4.885899880701154
3.627017214487611,6.791717914586955
-4.444433135181254,5.349812836088857
-7.662598964082863,-5.075773153086946
-3.8387567065818575,5.6880723127259305
3.8622916413633335,6.960483087355637
3.6902544440309017,6.768077451964172
-9.67136031226087,-7.783425160996117
3.2944455952445555,4.875664112972992
-10.21116885243217,-7.747069277013406
-1.4548364676360643,-9.66401568569672
3.479693028927495,3.935532041898695
-9.924252289268292,-7.726523796449543
-3.540079620685204,5.332737883880569
-7.3007189108790245,-5.34201301258386
-6.2292045676661925,3.7323289854437856
-6.701076015670916,4.500218930649919
3.823847920299785,4.009317036503913
-8.366857127564886,0.17079851441905142
-6.517616319158327,3.581449984468086
-8.231321616349586,0.44536005434886633
-9.869920308827027,-7.496055189444295
-5.900927752559441,4.494757276962468
3.9311459968392644,7.216962549288017
-6.055563394550806,4.67864480013104
-8.102486005819967,-4.797369692136174
-7.691554219922765,0.4443932714685705
-8.12288511339971,-0.2806650780067861
8.995332229724118,-9.59278693339352
-5.917649005646996,4.191699839260236
-3.9792479080824066,5.4625866114655635
3.308147235327082,4.541071761820387
-10.045894078261721,-7.439292252691622
-1.6600237416766808,-9.577188533004499
-5.819782998186787,4.11460722975639
-3.8507991480988437,5.216698585721093
-1.5250139614947074,-9.1183286494625
-1.8433669688851229,-9.436911605050895
-5.622011184892984,4.283734614113476
-7.979927910387208,0.4036474649720384
-1.8145791096554553,-9.019768332455705
-3.581111692496583,5.327318565562219
-7.8458482903404665,-4.832110017998365
4.203766358086529,6.806187583636629
-5.769488499313652,3.995944090215634
-10.079990729085228,-7.20291482833132
-9.472911400813443,-7.81135779696743
-6.034850446196877,3.663819728857959
3.757506846352251,4.489842660035449
-4.275800971146009,6.081977471234766
-6.57467785968857,5.085262907777271
-4.221653554568503,5.844606269289782
-1.8756019637648156,-9.167340556357889
-1.8460391514158214,-9.043036848022325
-8.198176009574148,0.05019998559707954
-4.228938916614271,5.922056187640151
4.340050565219096,7.041069300418186
-8.047444734141598,0.08724037265731852
8.504364847253715,-10.097438158054278
-1.8515699727464356,-8.878641867459324
-7.87254763111891,0.10560741309279467
-7.638442981218744,-5.2272371723322975
-1.643038034324574,-9.097360187246233
-7.797794929498361,-0.012568093019010351
8.962572683859406,-9.643529606439397
-8.117887193454528,0.4442216632609192
9.192847130956638,-10.160955232920752
-6.158129916632683,3.890186287294426
-5.857671872643227,4.454716883110268
-6.153585408579054,3.9605177334905215
3.7780745243686145,6.532693199601096
-5.694834124547399,5.327076677726112
3.817261884166599,7.566304978973645
-4.606201933943839,5.061552183632252
-7.573763234144005,-4.786487740788439
9.305062701444884,-9.388672120557963
-5.809944440761785,4.6178442895125915
-4.342416604773587,5.852672755404025
-9.766774258232042,-7.924766409829119
-8.02275059707889,0.43882107627512534
-6.0591022850137275,4.135075639005466
-8.206839131861388,-4.927923435813047
-6.000440153082574,4.885311517827649
-7.283632904311322,-5.547858995603125
3.5436728828190973,3.9861228975246137
-5.874150983960782,3.728659240888239
-1.5916665553920022,-8.972871909696256
-6.809439716250052,3.3785496534636734
9.142994618840453,-9.980058146383394
-6.491761686177952,4.10971539307593
-4.263163150432823,5.932778415979354
-2.0688111009026273,-9.118672554230319
-8.058251803711055,-5.210545202975948
-6.118705479432817,3.5677639875744473
9.434474398937233,-10.538854130732032
-4.775446653846561,5.673628353417831
-10.251297751103058,-8.011269843813142
9.002166185659016,-9.241536891482417
-7.446344177002146,-5.032270448315584
-1.3076185085474192,-8.84433990758159
4.566364394051966,7.044575353596873
-4.289046326134474,5.371398549979419
-7.7738815484922075,-0.4299416502277149
3.7120820914313244,4.440720710737223
-7.558211600027707,-0.16924319823857797
9.25386025289133,-9.579991511003604
-6.184981082678629,4.625300036121432
-4.246444379323767,5.507876309478483
-9.994820677541183,-7.438521775473276
-9.885514121360286,-7.991871070170357
4.113188375573061,7.012349604602817
-6.268282761432175,4.250544200134663
-10.094837139825845,-7.97052334939886
-7.6345508047628305,-4.855906951526541
3.3414610628579817,4.506831594962359
-7.6165086017463235,0.3086819221455323
-6.302559147535098,5.032801488448995
-7.7580866565476585,-5.085713645824853
-7.842468744350298,0.5845742239700895
3.1615217699463622,4.936254238294077
-4.109145796654152,5.5509061746841795
-8.021062673447002,-5.642421494905397
-6.259744820298513,5.040804252470494
-8.147882448406696,-5.108294481214256
-7.585170294845271,-5.358202280072637
3.366869133370453,6.698145618032549
3.485511844180678,6.3724253961820345
-5.927988460527579,3.5640583629457376
3.609061158948801,7.29559715994474
8.922501305590318,-9.369969040751721
-5.2826110663491805,4.261822261613278
8.78502457810239,-9.46414426550728
3.802084556992625,4.485325456444761
3.747798736116187,6.648377637135118
-4.12127902994579,5.422759401196853
9.36391489564094,-9.334597604337088
3.832708631097282,4.467434377682607
-8.165432085482248,0.19530209877073024
-7.045514367723949,-5.061311379871888
-3.9944962316195043,5.3922850118662184
-5.7511793368880575,5.2796671144532885
9.083458039158009,-9.474959082630399
-11.131274895833599,-7.775536702390283
-10.551556035096405,-7.844868220622914
3.3762938853658904,4.017368784645733
-5.758348228909993,3.880355296241601
-7.832969628128058,-4.752799504081954
-7.61676593963507,-5.053080577577377
-10.018225762168555,-8.471016053896445
-1.9406048718437467,-8.679724390260368
-6.4161201939611505,4.849284019984976
-6.0325262063231495,4.827465835078256
-1.7257564299311583,-9.30334076662511
-5.854290819826817,5.158732593031199
-9.770421903053425,-8.039422728126615
-4.239819728772471,5.5959924297293036
-5.729023412271919,4.409827292929953
-5.64855530658605,4.972701499930694
-7.788510047936317,-5.322776833731153
-1.827089772802448,-8.932375959951399
4.031862538655783,6.575192653975769
-5.963823323217556,5.354099207579169
-4.28115141106109,5.326732445065667
-8.127095874681016,-4.878443959097396
8.950408498509278,-9.246402356802285
-9.608472880429328,-8.921124625772688
-6.10059093616754,3.99367471026842
-8.008208520770488,0.385724247011194
9.281442510158,-9.384017832757221
-10.22400328869064,-7.596318401719339
-7.675867134524967,0.15118751001821473
8.944540531761183,-9.724352582145382
-1.5465289666828486,-9.397966920600144
-8.177005874521504,-5.043717949234831
-8.212410596813928,0.2323209216279522
-6.004592879077684,3.7194541082702055
-7.808770567922352,-4.793495913950109
-7.908752693601661,-4.916859775605679
-7.588359315908427,-5.023079595117938
-7.705942782095859,-4.7401880223211155
-7.55098566638247,-4.825235882460686
-8.031091684356372,0.3139305622539731
8.934992583004307,-9.481536054029903
9.012403079777082,-9.215255653808578
3.7333291919113476,4.64673957504477
3.981278844358623,6.614653319875107
9.272160613923624,-10.181396439565956
4.152742030632504,7.226933230113471
3.203897597823255,4.871306314341636
-1.9113423296119365,-9.21060791882515
4.627000398942504,7.015938754571828
-9.966093071436612,-8.14063648562758
-7.62599744271755,-5.02814101930178
-8.305210069623365,0.20697846767403108
-8.03291296107046,0.20202426792646333
4.023205820109723,7.423437659754928
-1.820711160744692,-8.733994580715924
-3.721672231371185,5.136681098450843
9.175389317409506,-9.99406446645162
-7.534650092055557,-5.1914645647657505
4.363423155741317,7.070910114506479
-5.7361675192971,4.8053484817285135
-1.818015413599092,-9.219367335900172
-6.2192836770564535,4.076323537304256
-5.843709653326663,3.9505329765058903
-5.9462826400302395,4.147838925171178
-6.288017506225834,3.8277609715659144
-5.9993265347210025,4.78603283264758
-3.9783220145088154,5.624289947046125
4.091124898496537,6.424694050280907
-7.449853707799141,-4.722183924583043
8.856750461823374,-9.83574633883679
-5.440270382167333,5.194381759459315
-2.3203819301879314,-9.140119636759986
-8.306433079966911,0.5447975087004069
-6.11946677338876,4.328089447571339
3.6832694601921196,6.855983753846847
3.038119368748557,4.521695615318242
-8.341369714578786,-0.6620364467663714
-2.062545756019199,-9.365914628561397
-10.08096133620115,-8.238888165606951
-7.7424725129929035,0.17218875594273653
-5.7882833452776,4.739375915377585
-3.4966257392321887,5.177251779468874
-1.529749591538451,-9.194179917918882
-1.845517579217344,-8.569045853165147
4.429598773298894,6.605166653608222
-7.484857905408188,-5.486986779520279
2.979995861190506,4.360431520029131
9.22880203080793,-9.68091832690002
-4.033136135595052,6.014777723675124
3.8345360584627284,4.196744084663596
8.804591154588172,-9.94593526817205
3.102550111721604,4.349242740160951
-7.872099495546306,0.0031777997043457296
-10.465048455008763,-7.550456293692612
-5.8525205649227985,5.12650643916016
-8.03123623608672,0.007060710577204782
3.3891826515597634,4.786587964865112
-4.589157149659991,5.232753750244899
-4.359496550854677,5.9602928382829345
8.955277333721831,-10.16321970124945
-8.037960730481082,0.10315081356749432
-4.092130338807479,5.652878734334789
-6.595847011236476,4.339729978665306
-10.358999342433385,-7.289895590335921
-7.797251045502083,0.130285189359048
-3.727717947052124,5.435873613496564
3.7632067892421803,4.417295268952499
4.303214309593657,6.721701032205354
-1.6618153876554334,-8.907612097987688
-7.262375226222961,-4.823189313547082
9.070509235386282,-9.435022430794955
-9.793879698507876,-7.90672827390356
-6.126042437518561,5.680202372377251
3.6650806503642426,4.9171562902097605
-8.201970190806474,-5.000567906470522
-5.71956962917537,5.023405354078924
-1.7116777799375107,-9.239315238862305
-8.33490255067908,0.45335388516299047
4.643986813166158,7.399416108554518
-7.909697469277383,-5.100380504286312
-1.6959453359534018,-8.882804302057643
-9.790773247718398,-8.1414800637665
-7.958766931526426,-4.603521683332151
-8.012399209985142,-0.32952075622564025
-9.804739585953868,-7.387788030111331
9.187286234359021,-9.911394881342703
-3.6260405631511166,5.519387321556795
8.746575986841627,-9.927713359242194
3.1454263733467815,4.5406703908126795
4.312191636151582,6.9682621963209845
-8.65256044884959,0.18741428956135603
-5.799219100358473,4.369078473885125
-6.577548021147602,4.918021338456411
-2.0836401759366594,-9.580083396954626
3.887274026240971,6.483004043438585
-6.562081175083742,4.545612606534171
-6.030381054830698,4.301867791720981
-6.181080932582165,4.7964067760298255
-4.0100826508588865,5.476574463954794
-1.9711465504430368,-9.423508961915227
3.2285279740339634,4.801293015510245
-9.033635748381526,-7.752340432537596
-1.6101149138668474,-8.43019982325576
-6.3630114071974635,3.996286886135261
8.745906808778328,-9.744814226565268
-7.500440484568626,0.17708917822609352
-8.17806749650907,0.27933865918766837
3.710582065710608,4.910631796317091
3.1807030697027887,6.968655750883438
-8.211057712595855,0.4508445396859889
-6.383452193296467,4.964847806719765
4.973925252405779,6.549254573421798
-7.6165871148692315,-4.854040361454907
8.895202499993943,-9.737857671555586
3.653965415956002,6.670798382952055
4.067039590804228,6.963904662358969
-6.506525031869261,3.9873245165969884
-6.533810082515213,3.53824752894366
-6.020873656210094,4.729808558602693
-1.5790851186824486,-9.168145283831139
-7.736118524963846,0.3685445055890275
-4.148690134842869,5.826275366793842
3.8193387618451284,4.452778860733942
3.990722377739695,6.648831993721566
3.0802812603102345,7.901787891635349
2.599111905712748,3.9421749275725704
-6.422977960670718,4.658769751960363
-8.600224374633834,0.14554372247459668
-1.179035969615219,-8.963027471425475
3.4258524555680063,6.817672174107135
-6.218819246496244,4.058486866752725
-8.332485178422413,-0.03163489775845438
-9.865942675645801,-7.539025727157229
3.207667104098041,4.568202833097629
-5.978771931640213,4.902134301989251
3.77002576166814,7.035255572762795
3.204634146137559,4.337887667732008
-5.8544979757019595,4.6445494272874
-5.674885572326267,5.2189647577710705
-6.146901932552985,3.9073619736207554
-8.080771134567488,-0.1910640982768959
8.859103259918676,-9.822604407372348
-9.738289180257327,-7.590457451850945
3.503872205861378,6.952488431319898
-6.296779851599736,4.228923109817353
3.8112232933099026,6.995808017598616
-7.954160569395074,-4.975481131150781
-1.7890160037612535,-8.651713484555534
3.949850607111327,7.339176399021881
-10.007193736040481,-7.289556329128226
-4.284413386850421,5.140015200395341
-6.086102050778468,4.285831462472249
-1.2716615393423103,-9.014870625217538
3.7366206876455594,4.604331925859546
-1.4661327728637734,-8.347201270650032
-9.96108915588146,-6.965393764180614
-8.023176646452006,-0.2544444274318216
-9.154948335616854,-8.210054087830722
9.443704066444003,-9.995642047509145
-9.295586083152001,-8.354082297174998
-5.950055311169516,4.90344540638209
4.477904423940845,7.387031977442071
9.195296599411947,-10.054472232911573
9.217117422947263,-9.869150340471258
3.5711129161951716,4.788333876572338
-9.947602283891028,-7.843767828392463
-4.252440628560356,5.722261661311351
8.916637868212451,-9.744521201891176
8.960709649762594,-10.034978043629895
-6.394802659573078,5.000723364825314
-6.370280582996799,3.838209194207394
3.2631351134117885,4.891066846028019
-7.742106569724844,-0.039915769476472046
-6.077623606566033,3.8627393180977103
-1.808168530436071,-8.474190948387527
-10.509876162179596,-8.198001591021054
4.348749268256925,7.4003469807871305
-3.5505260732084913,5.591479144014472
3.4517549309168487,4.4236773939006495
3.6233977049898134,4.007957478015498
-1.4189122215863204,-9.76525745148541
9.540761100789837,-10.230543706476398
-6.756809118245982,4.467982654836497
-5.832896161608987,3.6032357117755867
-1.7027355532032975,-9.218417961584707
-5.888050086981742,4.844723734381596
-6.324198821529763,4.70345866574421
-6.466929023018558,3.377730546315639
2.9878827333974436,4.8540401041723085
8.304587522870582,-10.22388971661846
-10.229464498957888,-7.996314433331199
-6.15730341603903,5.418253987049921
8.709149318843457,-9.85065413766068
-6.2160963538771155,4.770988355019528
4.411445330120987,7.414195045497913
-5.526888912799867,5.0868454884758645
-7.690173490309964,0.1819520754179912
-2.196381043141363,-9.036132956087359
-5.990321296861885,3.894066683550777
-5.724607803647517,4.619273833836495
3.41469273729094,4.247535249472374
-10.131557235892336,-7.932057569209398
3.72361386016862,6.866609868375219
-5.861880885050802,4.725760564466615
2.963744793775061,4.749142232120984
-5.45841226397131,3.7196706152043877
-4.675957407608084,5.445046798315601
3.700166229853561,3.68938979123584
-7.968732215559056,-5.139544807124568
-10.121316018280782,-7.944315601355684
-5.947398829274162,3.87934885340868
9.140335959943858,-10.463515231277043
3.9061662432587956,4.320739962228477
-9.691130688679399,-7.891438860588652
-7.962433286825351,-4.395992639451337
3.512169655141813,7.374189079513832
-8.04469136601551,0.1275438561660677
-8.312006925480961,-0.5332822890766723
-6.466439559601258,3.82053934912155
3.3440140735661283,4.1871792213787815
-7.860747748796413,-5.297407065583483
-5.817636157792543,3.366700741199923
-1.8467390033275315,-9.379122416506862
-5.9418856583526045,4.806576291235039
-6.1662269328617,4.818129207821622
-7.624991951523332,-5.173525477979922
-6.013716906581723,4.752738048499274
-1.7380114163369027,-9.546245552245336
-5.973845389095764,5.106801929413521
3.5625933863497603,4.193344797574687
-7.726026956820468,-4.914232004020785
-7.537112799335477,-0.03476031746390221
3.445532965057075,6.343522939911813
-10.26835151109324,-7.714843181854045
-1.5117682383995124,-9.031148619849748
3.421187716759388,4.434778586721548
9.183837311407705,-9.526382781033318
4.5539519001823185,6.8650305997199315
3.266086407281203,4.113183318456185
-6.191717600704741,4.7639511938266965
-4.412699444218551,5.618565664418975
-7.85984076493568,-4.91562189533934
-6.219915797350329,3.825994208513613
-4.084612070553022,5.438867150081766
-3.947853269140113,5.818258352751709
4.227095904001687,4.689046931520037
-7.025965007343067,-5.0109005736816545
-7.981851257793904,-0.17996653797806605
-8.274023453587368,-5.282504497633623
-1.7512028059954339,-9.216815996398626
-1.2073579059650372,-9.051412396439796
3.4441311833461894,4.005398134125092
-5.983244774092939,3.970336290276502
-1.5770220516940014,-8.89716078448771
-6.675559787295663,4.0414582485601755
8.624359224537134,-9.675520971064056
-7.8585502302391355,-5.248802294406348
9.059683553313594,-9.898673464332665
-7.9810071116813,-5.217685318111689
-1.8959463210250425,-9.049947080838697
3.8623082193843152,4.747709583754013
-4.102857242381302,5.693500386391498
-8.489399286985812,-0.1691300475672467
3.433179587433426,4.493868243519859
-3.878875721561579,5.52668810187827
-6.3749059592755986,3.8225614510806145
-1.8692478513646102,-8.620533050854018
3.8733702165546484,6.407498904057079
4.106189676335145,7.171977446506625
-7.888693520882999,0.027449392996707872
-3.75564394252238,5.1347324098716225
4.031909001983168,6.8645354597668105
-7.945894070618051,-5.107044228390721
9.386845179835996,-9.48827704165157
9.235845292027689,-10.006423915055134
8.864472626518175,-9.906536730687648
-4.243469097940627,5.75019587184203
-6.5132026801011795,4.781997287443995
-9.68746738722966,-7.880918666475082
-7.768698248275246,-4.744587301285951
-7.762647922031078,-5.1563470615728475
-7.8898594387676475,-4.903297219183848
-5.903042456501548,5.277598208106446
-3.8012334800926877,5.094064978965187
-6.344399744484605,3.9692624348504575
-6.212793709352694,4.016029022079427
-9.591119450231632,-8.10663186840872
-5.985189731116837,4.3577413892177885
-5.840523179704321,3.981500258922182
-1.4308338181498537,-8.890534450674961
-9.694480004205774,-7.467641809190055
-6.260719631242325,4.031225184071045
-8.169745740107652,-4.72957568235387
-1.6025930080531194,-9.252222667680023
-7.6880619548726115,-4.892420849618383
-4.143927500134138,5.4933084417333315
-1.816853627386042,-9.554502871887566
-5.486137072633563,4.967864209345401
9.423535459939412,-9.527692090166207
-7.766857152151453,0.804762528836041
-4.133125751851955,5.566882560711146
4.06712231806993,7.276924171726179
-10.119825198427394,-8.180421070301541
9.014068067252968,-9.961378326952248
3.8905441604912383,4.289598531621495
-1.970126131465232,-8.78639317525414
-1.3340887345810912,-9.055133728233605
-8.164351053101928,0.3331578327817617
-1.8626326392485446,-9.056945609725684
-6.435411232681424,4.22437456587067
-7.932312653376889,-0.005972153179266304
9.383145377250061,-9.676006484101073
-3.955013984343063,5.632238964799665
-6.170912944411988,5.10860602080291
-5.9543567228248735,3.765968156300807
-3.5331613331894363,4.972140572261518
-9.552592926744747,-7.877366184817791
-10.145794766223299,-7.468545762230795
9.552943467984667,-10.26298553532394
-5.866217107997524,5.151823139932925
-9.60931925908014,-8.517852644517562
-7.644663187247831,-5.213142455523088
-8.214667537705015,0.5208718651721114
9.204937498705585,-9.831659793909715
-5.564513972026145,4.98738053941842
-5.815727523094838,5.3485657138590375
-3.828763638187529,5.187953255950116
9.0341726172619,-9.985037461991832
-5.829295375267169,3.6300861606450927
-5.954241659705067,4.064590253149994
-1.9115003872517435,-9.13585712225828
-6.129253955570495,4.707763733424656
-3.6154540193624536,5.453246720881189
-7.96424511969212,-4.651525727425171
-6.690205557359354,3.7117617094886106
-1.9555805745547374,-9.083095691454778
-2.3067920051633006,-9.17445631371329
8.705643096230075,-10.057351859801807
9.47277476111253,-9.470298599809144
-4.144821484867605,5.552593967751361
-8.509369046974504,0.35654036708228665
-8.020016214512145,0.4356154255027054
3.3328534667274745,4.851932104030935
-5.767072790362279,4.943902203966255
-4.021428784313798,5.490426417452945
-10.226611138141855,-7.93511429846036
4.001184296300481,6.54977014095078
4.146766836651656,6.5660614938316675
-4.269143394293616,5.3938930967930725
9.39949266373351,-9.823428406492486
3.8118007479542353,6.823281146677878
-8.1306613265494,0.003111146216196903
3.811660126001704,5.1151770236955745
9.139794573811457,-9.148823765186584
3.8182585359842993,7.442599726343975
3.9029461702731605,6.578731839453397
9.360963241772465,-9.866065223484084
3.411675035636319,4.32344708817383
3.9708715382163104,4.529040132841099
-6.327997811717777,5.134995565516094
3.88643045344301,7.199633140793789
-8.110264273126463,0.3812333377476128
-5.781288719831201,4.756952818786308
-7.294620011505137,-5.010258736388749
-9.55439668665658,-7.8232570974656666
-9.730575471319458,-7.49689057654081
-8.055213790973733,0.5054433369909849
-8.026843801975785,-4.864542600847339
-6.009216807320976,4.89205462558831
-6.262196347236147,5.2202311240546875
8.975985743379386,-9.864580553902094
-7.908116103930097,-5.69658790436011
-5.857544891728904,4.732250205506668
-8.296579342241317,-5.05493596286146
-6.059549796399185,5.145895931018915
-7.3284544802629075,-5.1116542567815495
3.8688362629860027,6.703406982102484
3.8122762136230897,7.313999544013991
-9.912838029023028,-7.8182242794958965
-10.045159641144112,-7.6647234266263355
-8.295934214591696,0.249851920746532
8.83671866246501,-9.570304798633007
3.267734097141543,4.653894212745697
-6.255293712889241,4.997089454018299
9.058870658234563,-9.796430793433142
-8.376512866729232,0.20281627501924265
-1.8558528140225623,-8.947877790611555
-3.827821911457468,4.492742693236906
3.932813370575215,6.77381135273248
-6.170795533273706,4.670028691752537
-4.509078235580794,5.862215005360207
-3.5289257246660117,5.285807617648587
-3.727571957038789,5.3745978973953275
-4.119111027871301,5.583001682254965
-6.507261912675463,4.586457508940992
-8.724706959655688,-5.191710226891871
-2.0131853390931624,-8.577180660881051
4.033425117220779,4.729228985251935
-9.80363711465632,-7.9109598278967495
-4.23798923832335,5.615473064602141
-9.625321096352256,-8.196745655749273
-6.219235150482771,3.691859976927014
-8.260507112540358,0.22994772428864987
-6.121111379870631,3.5587746401120883
-6.300219981297984,3.5919693643877
8.477719112639274,-9.829392793037615
-9.851315792907899,-7.498048973958953
3.83714472036093,3.8698905586163965
-4.380318630915613,5.806983367356726
-6.2949201055602115,4.2054180562903385
-6.054991340044088,5.255443180601295
-8.33510912666427,0.23139810685040074
-6.618970316726738,4.196667467411726
3.759279115534256,4.508652810405347
-7.370377158748684,-4.885975825195887
4.248781443796044,7.087059384390388
-7.928468932386644,0.7733581585652178
-7.9392290052067285,-4.862960109787124
-2.0292660333797063,-8.960906179568562
-3.9764808495181656,5.1442464426096
-9.876095645018879,-8.132668346136784
4.178400024326502,6.978502105538068
-2.1185829848076057,-9.288447517580257
8.766703819225187,-10.195681456189357
-3.874242779542663,5.540166556264935
-10.103591447196724,-7.935923163091192
-1.9877448811719312,-8.796826538937738
-4.114073783004317,5.6286759184622746
3.7345547410120523,6.70824806826603
-6.1569373487065215,3.563904804749697
-8.071322842514286,-5.268135349416351
-9.897634696931231,-7.845728060624782
-7.81476222616729,0.4795331463344569
-8.250444996350348,0.27009602091329865
-7.758952587582607,-5.095138977795733
-8.029473123278333,-5.3958476209372765
3.7133048634578842,6.478048329455341
-6.276675731449739,3.8169305944179905
-9.675520620346946,-7.634865202964656
-7.849547605288267,-4.905601663223588
-8.04310476795615,-0.21708290335313002
-10.070464986680467,-7.542202791160161
4.20967609266811,6.846982385253491
-7.5807300041674,-5.222628383855168
9.107835307706427,-9.53320501276009
4.31380929495369,6.696047476264347
8.931242133978959,-9.512877407204172
-6.447898730080434,4.803385173449189
-6.20778807350144,3.6735923065834544
-1.855549635518609,-8.891030392088625
-7.293408063388814,-5.418793893241562
9.155222499762896,-9.896958808489028
3.3105837781810337,4.50006482292515
2.8694691871777946,4.112563064184062
-6.141768172425087,4.99979336160038
-1.9556074814494036,-9.419791438464234
3.997502894397996,6.8677774429820175
-6.506467258525794,4.785218033814947
-1.860805218591007,-9.031678595051417
3.9655161284541536,6.6013512995809265
8.681789042685388,-9.538649849237464
-7.4297116462829536,-4.6034142828128415
3.860797907160605,4.188948968347234
-1.8232952789211554,-8.375265332337378
9.024384212139212,-9.756831081441701
-8.096594887592985,0.02765471994688709
3.6864031873222802,4.253693519292111
-7.473401854150132,-0.09880037309305278
-6.233318875699984,4.30856640213371
-9.91079988567058,-8.03461981374483
-4.071401586687145,5.338230255281573
-9.785970211422748,-7.976535413924284
-1.926040330946654,-9.094545372247008
-6.248549171649539,5.0807603999423
-6.472205111141515,4.249421545796889
-7.989662491011133,-0.13092386709365678
-10.198230350734203,-7.30863309447285
-6.532609738125469,4.432953511079393
-7.594789795464388,-0.13937103435001064
-3.9349912876914894,5.508347755072054
-5.770133235068582,4.723808524851277
-7.39404412884307,-4.8714035235120905
-10.184859623127592,-7.674266895768732
-5.799421818868904,4.3101273571756815
3.3424207123651293,4.2374150278110285
-4.275212089557097,5.824107654369253
-7.501618060542055,0.5063840098339454
-6.160585534669947,5.108524269506206
-8.178090613332113,0.15442989211935518
-8.644163970816928,0.19981041740907088
-2.467945495003989,-8.503857035238159
-4.131841732234759,5.126250641454714
3.9046004669082874,6.843545038208884
3.770536060545028,6.9831222129718045
-5.798315549886773,5.102783056494765
4.116595666341333,7.0406165544625
-9.903972940366147,-7.7232216847200945
-8.197695335215167,-4.812359584802904
3.5863578925432322,4.493785183222004
-10.256095813678956,-7.945155769866786
4.29251945932722,7.244960158644292
3.453294648809236,4.757219681525194
-7.905624906852615,-0.16662495132100458
-7.520534641887713,-4.942948484777823
-6.017804131292025,4.084991836268578
-7.678402178473284,0.9845691799278015
-3.9297158824467417,5.735903963056694
-2.0844038908716196,-8.923774959108323
3.4234303310182255,4.894111527317666
-4.060317820154776,5.8309173390727445
3.9343903663945246,6.377349121992046
8.495594362794382,-9.427604543667556
8.96428210350195,-9.801367778032368
-5.912171093881339,4.099708877420097
-4.208370644751493,5.724039495644763
-2.028461473181095,-8.890215133558987
-1.7667386255518862,-8.93237405643632
-7.3550628006579535,-0.02368823209034812
-10.102191414822062,-7.390443434348472
3.2495133278904267,4.95244645422924
-5.557262113851148,4.4062605617061665
-4.303203260483626,5.5939222153659625
3.9791029658798553,4.261069323428361
-6.3771910132803225,3.668831775697158
3.919315178223465,7.032830973442322
3.554183367968177,4.699876475241504
-7.491426787525806,-5.309940713296057
-4.572224404880161,5.324127181421436
-4.131108908838393,4.988302763272826
-10.129895657325491,-7.8862461772532315
-7.866931952104637,-5.139572894679071
-9.92273850797063,-7.636920901722564
-7.861539418506733,-5.114771435119596
3.4748449912621444,6.562947082828949
9.040593733782757,-9.983005934543188
-7.795341689592259,-4.957030596020352
3.762502732797314,6.736310265464371
4.354518475886518,6.6127133232379816
3.965163506864283,6.9006506196277
4.070445466864121,7.000120277974898
-10.082147637084034,-7.055339300161387
-4.387512950983217,6.198935494912602
3.670291503311093,6.8391884802099
9.039811679760419,-9.37872386920264
-6.329373124060476,4.134728518371146
-8.141604136155012,-4.806197385884259
4.438360332573334,6.760176189343744
-7.625219747148565,0.002502683998751587
-6.022563834174618,4.560897479461356
9.269386234262686,-10.09471998748195
-4.776291819643634,5.24285156878027
-4.606658526729097,5.29299791773205
-4.522466110154898,5.748073157878157
-6.372683177706397,3.99854932521458
3.2755733852143347,4.497319760176602
4.1174894678657425,6.858191829759704
3.54318876171714,4.240632054409639
4.538979354742312,6.647446039901704
3.53758714923251,6.827852775287474
-4.197142385114187,5.793664211457433
-8.276336286847643,0.3679136431017185
-4.236263634679265,5.191012532938903
-1.6238242618357075,-9.100479435239498
-7.51245559941701,-5.155061715763349
-2.257154970306989,-9.274426945478343
-7.6594465035571995,-5.365794471891805
3.971372160266009,4.759869831573931
-9.466291822050943,-7.781989561657435
-1.71942864769764,-9.109269605162176
-7.804231073314961,-4.9523457151132515
-2.1924002948451045,-9.30018826206791
-4.261362756630431,5.423356064187747
-1.718001376902263,-8.908067496817633
-9.981591383386464,-7.4299367459305135
8.977892282156649,-9.663145275669969
-7.822740231230913,-4.951097857871972
3.5858057253911144,4.200431267502693
3.9522151209529692,6.871286069133795
-6.257715018682707,3.4915320763294604
-4.194548112356606,6.032679239853424
9.391202424282328,-9.398240755841677
-7.900868689405011,0.21060123228848085
-8.203553681703266,-4.892227670438403
-6.718983011107447,3.9500299544347075
-7.717904940530969,-4.938790233276495
2.974370432492756,4.565709272780613
3.4578657971960025,4.173058304006733
-6.11359326310625,4.256034739406213
-6.019277685320531,5.033519678749107
-7.940367181104776,0.06582192671705477
-9.886137474028876,-7.830574070090974
-7.835810865973037,-4.758870940009725
9.069360170449986,-10.005002954254712
9.600751661416876,-9.751839642796028
3.6676000229159436,5.063480370511003
3.0500893433543217,6.864754013542761
-3.768220144121159,4.869830306714739
-3.600634776347943,5.511807197394421
-8.349142112017404,-5.438133466184631
-1.0080158092297316,-9.203992059526573
-10.09920856246733,-8.075508278440882
3.401620030017532,4.430061863551889
-10.167069884461565,-8.098248989111568
-10.429666694125693,-8.266220135943737
-8.042882627933121,0.04442118504785349
-9.614886160842069,-7.32428627291631
-5.554644920510553,5.026145708762455
-5.310408460584663,5.054546645584585
-10.065726233155049,-7.771279567927257
-9.864956310120032,-7.844009781665724
3.8147040521684623,3.951127290229743
-6.2494535472380495,4.743597205925187
-5.840074364862547,5.514948399946855
-5.8957979844262045,5.053990549584166
-7.600216524644412,0.32400643834779613
9.495597247221756,-9.399665602261123
9.227605230678414,-9.945330660206487
-9.677332308925235,-7.535480404377136
-6.113334543837896,3.6096974504752173
-6.372798958999664,4.932403608172522
4.191555890706719,7.060838288846302
9.23555736501799,-9.883036700540861
4.259011628107864,7.015496044997982
4.046381115320165,4.330704455185493
-6.135019789694626,5.106314978185648
8.536644471996055,-10.156801232769432
-1.3515017882346863,-8.79087103417033
9.294626130538855,-9.921336967172605
-7.832110025840945,0.48394337982851837
-7.754748852712626,-5.080464203489745
-5.976767306376743,4.28233461741962
-7.8595782709809106,-4.381426791296594
-8.250355829420577,0.800782324775488
3.448085792893118,6.9138460689756345
-10.468722271124651,-7.980485632259912
-4.46276903180961,5.633200507951491
-1.5366532061286864,-8.44217423558415
3.992252695418862,6.868028865322464
-1.701338749900344,-9.049411001029826
-1.247808738423061,-9.210616463253688
-7.905167024724599,0.04486618809695421
-5.711531070344728,4.376856331306009
3.1825476413189304,4.720017460325161
9.124445688307265,-9.991958351764723
-8.43236305854097,-0.15281134640222443
-2.157583916639351,-9.403847056771902
-6.010143030932743,4.004451119965008
-9.725829344507549,-7.688826314538833
-7.31092565322359,-4.927827355355391
4.222193682024351,6.832537843279069
3.666615973850131,7.102481533385024
-10.023525282200769,-7.393283060080251
-5.975874724604751,3.5621470534292587
-7.772386349425647,-4.283276541199587
-8.118578130786023,-5.575737981360579
-5.904093122553311,4.949925933357779
8.937683034185975,-9.368761887054832
-1.6179263231506005,-9.586848236141677
-10.079438080126836,-7.999007165880658
8.508225364836244,-10.045312532730883
-3.7045788970183864,5.880511053294244
3.1317473584540862,4.389564339388993
-6.253993174429135,4.614786778194732
-4.318631325544979,5.6869103885414045
-6.5217568899963645,3.9493842006128768
-2.2335315244402745,-9.819597126829162
9.015116136380271,-9.578428334391585
3.3280496511571225,4.031194146407172
-9.663151429761932,-8.140461015319133
-9.866031427369558,-7.793179076371356
3.087959842721715,5.184171154143363
3.4817548701269496,7.137122642608176
-5.978234754176861,3.9660695794236425
9.685450442260544,-9.804311561228063
-4.34456100661184,5.27265662434656
-5.511419533901071,3.435229136418876
-1.3777086123568578,-9.179358165692179
-4.551572659276547,5.554831970782785
-5.991680209969152,5.08513470027536
-4.190926242431156,5.633949676550594
-7.868972815558647,-5.300231813605649
-5.988873945059942,3.6126380770489455
3.7932332218291283,7.082769863847067
-4.41329346325973,5.33150439730786
-6.442659309600524,4.729800667452974
-1.6020392063731537,-8.855437851419493
-8.034990710847332,0.08699595204217299
-5.774679265553916,4.938451520886513
-6.119619479778072,4.652616925496403
-5.881432070255983,4.954762971530388
4.2262426585779505,6.881679114803257
4.273830752424061,6.286104783772228
3.83356532471976,6.881578369159608
-6.395139920209759,5.165787450870001
-1.7858303860759233,-9.295945149370942
-10.138135233360124,-7.855745357978971
-6.067831956388896,3.367393527809335
-5.8052089437853445,5.042788535146801
9.036190161731874,-9.240975360524224
-7.545862376694388,-5.332672029892374
-3.8308543535563633,5.826641060514727
-5.938915057213537,3.7513611477464477
3.7873303449889586,4.5536493228383454
8.708037459059186,-10.030607607927026
-6.437820197076023,3.8728544229757826
-4.300107128021896,5.592225566889867
4.277879248088677,6.924556440548111
-1.7614555900998978,-9.255464972445454
-7.855195902527336,0.06237382252201176
-1.8399183108363915,-9.194812577073181
-9.772687487483996,-7.78122257987089
-7.531730089345173,-5.211844653371686
-10.342805084304837,-7.4077700775854485
-7.954420330138486,-5.064188253204224
-4.400161493836103,6.024183900691774
-8.176467293259309,0.14287439631961152
-4.446735624211109,5.008942036832575
-3.8714272974976067,5.989534673418994
3.709281027067342,7.43756730280266
-8.21167780890701,-0.3194033790251497
-9.422788360461372,-7.449390161531228
3.918190763046036,6.562914360742831
-8.032967034444756,-4.9672129920660355
-10.386372989271043,-7.701367087105164
8.639346805755013,-10.056106947857744
-6.16090411603076,3.9852307098530098
-10.172963799085851,-7.453833717344919
-6.236859379502751,3.989442299264105
4.119053580685183,6.428795677407873
-1.5382182643233195,-9.124546023332881
9.221608582282611,-10.175988221440866
-7.893804199809961,-0.36175144930451963
-6.524432535940759,3.4604195356937764
-5.915767702794707,4.808872914648007
-7.600056328562804,-5.1012257363783435
-5.924352186087795,4.8632149973022765
-7.759377460482495,-0.3363088078100094
-1.729053436285718,-8.922637808448895
9.160703713949484,-9.859799291116076
-9.570118156769476,-7.830826146363028
-8.628902252362307,0.24857146794948437
-4.280767030793877,5.9781089261769464
-9.953656507251633,-7.750786064351635
3.5131820899315587,4.923453997850309
3.5482792199561923,6.7792476448181445
9.081377067721306,-9.473094922067338
-6.271643479808373,5.061664547997297
4.168189458475104,7.408542576300362
-10.451747999285384,-7.689137408838429
-8.030869100181764,0.4142077699736649
-1.7172019621211199,-8.985994015981085
-8.056313845966537,0.17832262199872181
4.180739427766928,7.335265874624056
-8.163244517443832,0.3369045418319463
-9.61596011267017,-7.306224785139018
9.470644243066175,-9.53704407287475
-7.937245132963852,0.4811494445007809
3.5176073760227595,4.176113882441692
-10.173410941161611,-8.040676241344539
-5.938573739566231,4.055886710705947
-9.28705422081505,-8.029435863429741
-5.947125993247061,5.578771457644545
9.634363637447505,-9.895486669939872
-3.715502296179645,5.116656833346819
-8.084703772632375,0.06441857153989698
-8.261114240332407,-4.705919726263561
-7.588868450908325,-5.247004648520364
3.864099154325278,4.190321822125096
-9.978711734524362,-7.052470461249307
-8.123247173405648,-5.650741200216636
-10.239721743583457,-7.478676486721321
-6.089502353682404,4.65836330947684
4.032005354061476,6.4992596709180175
-1.5533932274727102,-8.88228363411139
-5.736968222225956,5.27922456989836
-4.270581612878846,5.632601782583605
-5.535057007914449,4.1280407296656065
3.792763499895472,4.747490429994538
3.6239989058671673,4.353571431614162
-9.271039058638125,-7.467071018015667
4.0197117027444875,4.0691600460522555
-8.124723500059709,0.29741438552017047
-1.3784119884022024,-9.068801440610468
-6.250745688797785,4.912074281633046
-5.705534421747314,4.639462874786489
-10.208952964721119,-7.250618636878134
3.5765412498410907,4.429605876503211
8.611789336088995,-9.77584318406862
-7.867955275707509,0.4112813226622806
-8.503905410599996,0.2434057131410423
-7.951445516089509,0.05304325977109155
-1.454066206117952,-8.759547841210718
-4.289816121591283,4.793370279112333
-9.640277839366684,-7.755742766875171
-5.857327340677774,4.1797964616715655
-7.8917144452716945,-0.18645869004978943
3.6896757398419417,4.407710864443588
-8.023438114854862,-5.136907266864993
3.880800327726626,7.318053374217536
9.140372698667928,-10.066778395866434
-5.715511213848911,4.3993563416285415
-7.499924200756092,-4.7827284395603105
-7.813840714931736,0.09510101140132425
3.590610128768922,3.99886735975161
-4.6526551860846155,5.2267795243922865
-4.483292817568429,5.749771508575818
-1.6057370311575552,-8.613563403350867
